t 250 375 0 0.25 0.75 125 250 0 0.25 0.5 375 250 0 0.75 0.75
t 125 250 0 0.5 0.75 250 250 0 0.25 0.5 375 250 0 0.75 0.25
t 250 125 0 0.5 0.75 250 250 0 0.25 0.5 250 375 0 0.75 0.25
t 250 375 0 0.5 0.75 125 250 0 0.25 0.5 375 125 0 0.75 0.25
t 250 375 0 0.75 0.25 125 250 0 0.5 0.75 375 125 0 0.25 0.5
t 0 0 0 0.0 0.0 499 0 0 0.99 0 0 499 0 0 0.99
t 125 125 0 0.25 0.5 250 375 0 0.5 0.5 375 125 0 0.75 0.5
t 125 125 0 0.5 0.75 250 375 0 0.5 0.5 375 125 0 0.5 0.25
t 125 125 0 0.25 0.25 250 375 0 0.5 0.5 375 125 0 0.75 0.75
t 125 125 0 0.25 0.25 250 250 0 0.5 0.75 375 375 0 0.75 0.25
t 250 375 0 0.75 0.5 125 250 0 0.5 0.25 375 125 0 0.25 0.75
t 250 125 0 0.75 0.5 375 250 0 0.5 0.25 125 375 0 0.25 0.75
t 125 125 0 0.0 0.0 250 375 0 0.5 0.99 375 125 0 0.99 0.0
t 0 0 0 0.25 0.25 250 499 0 0.5 0.75 499 0 0 0.75 0.25
t 375 375 0 0.75 0.75 250 125 0 0.5 0.25 125 375 0 0.25 0.75
t 250 250 0 0.25 0.25 250 250 0 0.5 0.75 250 250 0 0.75 0.25
t 125 125 0 0.5 0.5 250 375 0 0.5 0.5 375 125 0 0.5 0.5
t 0 0 0 -0.5 0.0 -600 300 0 1.5 1.9 111 222 700 10.0 -13.7
t 1 1 1 0.1 0.1 200 400 0 0.4 0.8 450 100 0 0.9 0.1
t 1 1 1 0.1 0.1 200 400 0 0.4 0.8 450 10 0 0.9 0.1
t 1 1 1 0.1 0.1 450 10 0 0.9 0.1 200 400 0 0.4 0.8 
t 450 10 1 0.1 0.1 1 1 0 0.9 0.1 200 400 0 0.4 0.8
t 250 375 0 0.5 0.5 125 250 0 0.25 0.25 375 250 0 0.75 0.25
t 0 0 0 0.0 0.0 500 0 0 1.0 0 0 500 0 0 1.0
t 0 0 0 0.0 0.0 499 0 0 0.99 0 0 499 0 0 0.99
